1047 562
1319 375
1480 375
1760 187
1568 562
1319 375
1047 375
880 187
740 187
740 187
740 187
784 750
0 187
0 187
740 187
740 187
740 187
784 187
932 562
1047 187
1047 187
1047 187
1047 375
0 375
659 240
0 120
698 120
784 120
0 120
1047 960
0 180
587 240
0 120
659 120
698 960
0 360
784 240
0 120
880 120
988 120
0 120
1397 960
0 240
880 240
0 120
988 120
1047 480
1175 480
1319 480
659 240
0 120
698 120
784 120
0 120
1047 960
0 240
1175 240
0 120
1319 120
1397 1440
784 240
0 120
784 120
1319 360
0 120
1175 240
0 120
784 120
1319 360
0 120
1175 240
0 120
784 120
1397 360
0 120
1319 240
0 120
1175 120
1047 480
0 240
740 187
740 187
740 187
587 187
0 187
494 187
0 187
659 187
0 187
659 187
0 187
659 187
831 187
831 187
880 187
988 187
880 187
880 187
880 187
659 187
0 187
587 187
0 187
740 187
0 187
740 187
0 187
740 187
659 187
659 187
740 187
659 187
740 187
740 187
740 187
587 187
0 187
494 187
0 187
659 187
0 187
659 187
0 187
659 187
831 187
831 187
880 187
988 187
880 187
880 187
880 187
659 187
0 187
587 187
0 187
740 187
0 187
740 187
0 187
740 187
659 187
659 187
0 375
587 214
622 214
659 214
1047 428
659 214
1047 428
659 214
1047 1284
1047 214
1175 214
1245 214
1319 214
1047 214
1175 214
1319 428
988 214
1175 428
1047 856
0 428
587 214
622 214
659 214
1047 428
659 214
1047 428
659 214
1047 1284
0 214
880 214
784 214
740 214
880 214
1047 214
1319 428
1175 214
1047 214
880 214
1175 856
0 428
1047 240
1047 240
880 240
988 240
880 120
988 240
784 240
0 240
1047 240
1047 240
880 240
988 120
880 120
0 120
784 360
0 240
659 240
659 240
784 240
698 240
659 120
698 240
1047 120
523 120
587 120
659 240
659 120
659 120
0 120
659 120
784 240
0 480
1047 240
1047 240
880 240
988 240
880 120
988 240
784 240
0 240
1047 240
1047 240
880 240
988 120
880 240
784 360
0 240
659 240
659 240
784 240
698 240
659 120
698 240
1047 120
523 120
587 120
659 240
659 120
587 240
587 120
523 240
0 240
659 480
988 480
880 480
988 480
1175 480
988 1440
0 1920
659 480
988 480
880 480
988 480
1319 480
988 1440
0 1920
1568 480
1480 480
1319 480
1175 480
1319 480
988 1440
0 1920
1568 480
1480 480
1319 480
1175 480
1480 480
988 1440
0 1920
659 480
988 480
880 480
988 480
1175 480
988 1440
0 1920
659 480
988 480
880 480
988 480
1319 480
988 1440
0 1920
1319 480
988 1440
0 480
0 53
1047 428
1397 214
1319 214
1175 214
1047 214
880 642
1047 214
1397 214
1319 214
1175 214
1245 214
1319 642
1319 214
1319 214
1047 214
1175 214
1047 214
1319 214
1047 214
1175 214
880 214
1047 214
784 214
932 214
880 214
698 214
0 428
988 107
0 214
988 107
988 107
988 856
0 107
1047 107
0 53
988 107
0 53
1047 107
0 53
988 107
0 53
1047 107
0 53
988 107
0 214
988 107
988 107
988 107
0 53
988 107
0 53
988 107
0 53
988 107
0 53
988 107
0 53
988 107
0 53
988 107
0 53
831 107
0 53
880 107
0 53
988 107
0 214
988 107
988 107
988 856
0 428
659 214
831 214
988 214
1109 1712
740 214
880 214
1109 214
1319 1712
880 214
1109 214
1319 214
1319 1712
988 214
831 214
880 214
988 856
0 107
0 93
1109 187
1245 93
1245 93
1245 187
1245 375
1109 187
1109 187
1109 187
1109 187
1319 93
1319 93
1319 187
1319 375
1245 187
1245 187
1245 187
1109 187
1245 93
1245 93
1245 187
1245 375
1109 187
1109 187
1109 187
1109 187
1319 93
1319 93
1319 187
1319 375
1245 187
1175 187
1109 187
2217 187
2093 1125
1661 187
1480 187
1661 1125
0 750
880 428
784 428
740 214
784 214
0 214
740 214
0 214
784 214
0 214
740 214
0 214
659 1284
0 214
740 214
659 214
740 428
659 214
740 214
0 214
659 214
0 214
587 642
0 214
740 214
659 428
587 214
659 214
0 214
587 214
0 214
659 214
0 214
587 214
0 214
554 1284
0 214
587 214
554 214
587 428
554 214
587 214
0 214
659 214
0 214
740 428
0 214
880 214
0 214
988 428
880 214
988 214
0 214
880 214
0 214
988 214
0 214
880 1284
0 428
880 214
988 214
880 214
988 428
880 214
988 214
0 214
880 1284
880 214
740 428
880 214
988 214
0 214
1175 214
0 214
1319 642
1175 214
988 214
0 214
880 214
0 214
988 856
0 214
0 166
740 166
740 166
740 166
988 999
1480 999
1319 166
1245 166
1109 166
1976 999
1480 499
1319 166
1245 166
1109 166
1976 999
1480 499
1319 166
1245 166
1319 166
1109 999
740 166
740 166
740 166
988 999
1480 999
1319 166
1245 166
1109 166
1976 999
1480 499
1319 166
1245 166
1109 166
1976 999
1480 499
1319 166
1245 166
1319 166
1109 666
0 1333
0 133
932 133
1245 133
932 133
1245 133
932 802
740 400
831 400
622 1071
932 133
1245 133
932 133
1245 133
932 802
740 400
831 400
1109 1071
932 133
1245 133
932 133
1245 133
932 802
740 400
698 199
622 199
554 1071
932 133
1245 133
932 133
1245 133
932 802
831 400
622 1071
0 1071
0 241
277 483
415 483
415 483
370 241
349 241
370 241
349 241
311 483
311 483
277 241
311 241
349 483
311 241
349 241
370 483
349 241
277 241
349 483
311 1935
277 483
415 483
415 483
370 241
349 241
370 241
349 241
311 483
311 483
277 241
311 241
349 483
311 241
349 241
370 483
349 241
277 241
415 1935
0 1935
1245 480
932 240
1245 960
0 120
831 240
932 480
622 720
0 240
784 120
932 120
1245 240
932 240
1397 240
1245 960
0 120
1109 360
1047 120
932 120
831 360
932 960
0 240
0 187
1397 375
932 375
1865 375
1568 187
1397 375
932 562
1397 375
1245 187
1175 187
1175 187
1245 187
1397 187
932 375
1047 375
1175 1500
1397 375
932 562
1865 375
1568 187
1397 375
932 562
1397 187
1397 187
1245 187
1175 187
1175 187
1245 187
1397 187
932 375
1047 375
932 1500
1760 375
1175 562
1865 375
1760 187
1760 187
1568 187
1480 187
1760 187
1568 750
1568 375
1047 562
1760 187
1760 187
1568 187
1568 187
1397 187
1319 187
1568 187
1397 750
1397 375
932 562
1865 375
1568 187
1397 375
932 562
1397 375
1245 187
1175 187
1175 187
1245 187
1397 187
932 375
1047 562
1175 187
1245 187
1397 187
932 375
1047 562
1175 187
1245 187
1397 187
1865 375
2093 375
1865 1125
0 1500
1047 480
1397 480
1047 480
698 480
1047 480
1397 480
1047 960
1047 480
1397 480
1047 480
1397 480
1760 720
1568 240
1397 240
1319 240
1175 240
1109 240
1047 480
1397 480
1047 480
698 480
1047 480
1397 480
1047 960
1397 720
1175 240
1047 480
932 480
880 480
784 480
698 480
0 480
1245 480
1661 480
1245 480
831 480
1245 480
1661 480
1245 960
1245 480
1661 480
1245 480
1661 480
2093 720
1865 240
1661 240
1568 240
1397 240
1319 240
1245 480
1661 480
1245 480
831 480
1245 480
1661 480
1245 960
1661 720
1397 240
1245 480
1109 480
1047 480
0 480
932 480
0 480
831 720
1245 480
1661 480
0 480
622 150
698 150
740 150
831 150
932 300
740 300
880 300
698 300
831 300
740 300
622 150
698 150
740 150
831 150
932 300
1245 300
1175 1200
622 150
698 150
740 150
831 150
932 300
740 300
880 300
698 300
831 300
740 300
622 600
0 300
1109 300
0 75
1480 300
0 37
1109 75
0 37
1245 150
0 37
988 150
0 37
831 300
0 75
1109 300
0 37
932 75
0 37
740 150
0 37
932 150
0 37
831 300
0 300
831 37
0 37
932 37
0 37
988 37
0 37
1047 37
0 37
1109 300
0 75
1480 300
0 37
1109 75
0 37
1245 150
0 37
988 150
0 37
831 300
0 75
1109 300
0 37
932 75
0 37
988 150
0 37
698 150
0 37
740 300
0 37
1109 120
1047 180
988 120
932 360
1397 360
1661 480
1865 120
1568 180
1245 480
0 240
1109 120
1047 180
988 120
932 360
1397 360
1661 180
1865 360
1568 480
0 240
1109 120
1047 180
988 120
932 360
1397 360
1661 480
1397 120
1568 180
1245 360
1397 120
1568 180
1245 360
1397 120
1568 240
1245 360
1397 120
1568 240
1245 120
1047 240
932 120
1245 360
1245 360
1245 480
1245 360
0 120
698 400
740 400
784 400
831 267
932 133
698 267
831 400
932 400
698 133
831 267
932 133
831 267
1109 802
932 267
1109 133
880 267
932 400
1109 400
880 133
932 267
1109 133
1245 267
1319 535
1109 400
1397 400
1397 400
1397 400
1397 400
1397 267
1319 133
1245 267
1175 535
932 400
1319 267
1397 133
1319 267
1397 133
1109 267
1245 400
1109 267
0 267
1175 78
1245 78
1175 78
1245 78
1175 78
1245 78
1175 78
1245 78
1175 78
1175 78
1245 78
1319 78
1397 78
1480 78
1568 78
1568 157
0 315
1568 157
0 315
1865 157
0 157
2093 157
0 157
1568 157
0 315
1568 157
0 315
1397 157
0 157
1480 157
0 157
1568 157
0 315
1568 157
0 315
1865 157
0 157
2093 157
0 157
1568 157
0 315
1568 157
0 315
1397 157
0 157
1480 157
0 157
1865 157
1568 157
1175 1262
0 78
1865 157
1568 157
1109 1262
0 78
1865 157
1568 157
1047 1262
932 157
1047 315
0 1262
0 78
932 157
784 157
1480 1262
0 78
932 157
784 157
1397 1262
0 78
932 157
784 157
1319 1262
1245 157
1175 315
0 157
1047 562
1319 375
1480 375
1760 187
1568 562
1319 375
1047 375
880 187
740 187
740 187
740 187
784 750
0 187
0 187
740 187
740 187
740 187
784 187
932 562
1047 187
1047 187
1047 187
1047 375
0 375
659 240
0 120
698 120
784 120
0 120
1047 960
0 180
587 240
0 120
659 120
698 960
0 360
784 240
0 120
880 120
988 120
0 120
1397 960
0 240
880 240
0 120
988 120
1047 480
1175 480
1319 480
659 240
0 120
698 120
784 120
0 120
1047 960
0 240
1175 240
0 120
1319 120
1397 1440
784 240
0 120
784 120
1319 360
0 120
1175 240
0 120
784 120
1319 360
0 120
1175 240
0 120
784 120
1397 360
0 120
1319 240
0 120
1175 120
1047 480
0 240
740 187
740 187
740 187
587 187
0 187
494 187
0 187
659 187
0 187
659 187
0 187
659 187
831 187
831 187
880 187
988 187
880 187
880 187
880 187
659 187
0 187
587 187
0 187
740 187
0 187
740 187
0 187
740 187
659 187
659 187
740 187
659 187
740 187
740 187
740 187
587 187
0 187
494 187
0 187
659 187
0 187
659 187
0 187
659 187
831 187
831 187
880 187
988 187
880 187
880 187
880 187
659 187
0 187
587 187
0 187
740 187
0 187
740 187
0 187
740 187
659 187
659 187
0 375
587 214
622 214
659 214
1047 428
659 214
1047 428
659 214
1047 1284
1047 214
1175 214
1245 214
1319 214
1047 214
1175 214
1319 428
988 214
1175 428
1047 856
0 428
587 214
622 214
659 214
1047 428
659 214
1047 428
659 214
1047 1284
0 214
880 214
784 214
740 214
880 214
1047 214
1319 428
1175 214
1047 214
880 214
1175 856
0 428
1047 240
1047 240
880 240
988 240
880 120
988 240
784 240
0 240
1047 240
1047 240
880 240
988 120
880 120
0 120
784 360
0 240
659 240
659 240
784 240
698 240
659 120
698 240
1047 120
523 120
587 120
659 240
659 120
659 120
0 120
659 120
784 240
0 480
1047 240
1047 240
880 240
988 240
880 120
988 240
784 240
0 240
1047 240
1047 240
880 240
988 120
880 240
784 360
0 240
659 240
659 240
784 240
698 240
659 120
698 240
1047 120
523 120
587 120
659 240
659 120
587 240
587 120
523 240
0 240
659 480
988 480
880 480
988 480
1175 480
988 1440
0 1920
659 480
988 480
880 480
988 480
1319 480
988 1440
0 1920
1568 480
1480 480
1319 480
1175 480
1319 480
988 1440
0 1920
1568 480
1480 480
1319 480
1175 480
1480 480
988 1440
0 1920
659 480
988 480
880 480
988 480
1175 480
988 1440
0 1920
659 480
988 480
880 480
988 480
1319 480
988 1440
0 1920
1319 480
988 1440
0 480
0 53
1047 428
1397 214
1319 214
1175 214
1047 214
880 642
1047 214
1397 214
1319 214
1175 214
1245 214
1319 642
1319 214
1319 214
1047 214
1175 214
1047 214
1319 214
1047 214
1175 214
880 214
1047 214
784 214
932 214
880 214
698 214
0 428
988 107
0 214
988 107
988 107
988 856
0 107
1047 107
0 53
988 107
0 53
1047 107
0 53
988 107
0 53
1047 107
0 53
988 107
0 214
988 107
988 107
988 107
0 53
988 107
0 53
988 107
0 53
988 107
0 53
988 107
0 53
988 107
0 53
988 107
0 53
831 107
0 53
880 107
0 53
988 107
0 214
988 107
988 107
988 856
0 428
659 214
831 214
988 214
1109 1712
740 214
880 214
1109 214
1319 1712
880 214
1109 214
1319 214
1319 1712
988 214
831 214
880 214
988 856
0 107
0 93
1109 187
1245 93
1245 93
1245 187
1245 375
1109 187
1109 187
1109 187
1109 187
1319 93
1319 93
1319 187
1319 375
1245 187
1245 187
1245 187
1109 187
1245 93
1245 93
1245 187
1245 375
1109 187
1109 187
1109 187
1109 187
1319 93
1319 93
1319 187
1319 375
1245 187
1175 187
1109 187
2217 187
2093 1125
1661 187
1480 187
1661 1125
0 750
880 428
784 428
740 214
784 214
0 214
740 214
0 214
784 214
0 214
740 214
0 214
659 1284
0 214
740 214
659 214
740 428
659 214
740 214
0 214
659 214
0 214
587 642
0 214
740 214
659 428
587 214
659 214
0 214
587 214
0 214
659 214
0 214
587 214
0 214
554 1284
0 214
587 214
554 214
587 428
554 214
587 214
0 214
659 214
0 214
740 428
0 214
880 214
0 214
988 428
880 214
988 214
0 214
880 214
0 214
988 214
0 214
880 1284
0 428
880 214
988 214
880 214
988 428
880 214
988 214
0 214
880 1284
880 214
740 428
880 214
988 214
0 214
1175 214
0 214
1319 642
1175 214
988 214
0 214
880 214
0 214
988 856
0 214
0 166
740 166
740 166
740 166
988 999
1480 999
1319 166
1245 166
1109 166
1976 999
1480 499
1319 166
1245 166
1109 166
1976 999
1480 499
1319 166
1245 166
1319 166
1109 999
740 166
740 166
740 166
988 999
1480 999
1319 166
1245 166
1109 166
1976 999
1480 499
1319 166
1245 166
1109 166
1976 999
1480 499
1319 166
1245 166
1319 166
1109 666
0 1333
0 133
932 133
1245 133
932 133
1245 133
932 802
740 400
831 400
622 1071
932 133
1245 133
932 133
1245 133
932 802
740 400
831 400
1109 1071
932 133
1245 133
932 133
1245 133
932 802
740 400
698 199
622 199
554 1071
932 133
1245 133
932 133
1245 133
932 802
831 400
622 1071
0 1071
0 241
277 483
415 483
415 483
370 241
349 241
370 241
349 241
311 483
311 483
277 241
311 241
349 483
311 241
349 241
370 483
349 241
277 241
349 483
311 1935
277 483
415 483
415 483
370 241
349 241
370 241
349 241
311 483
311 483
277 241
311 241
349 483
311 241
349 241
370 483
349 241
277 241
415 1935
0 1935
1245 480
932 240
1245 960
0 120
831 240
932 480
622 720
0 240
784 120
932 120
1245 240
932 240
1397 240
1245 960
0 120
1109 360
1047 120
932 120
831 360
932 960
0 240
0 187
1397 375
932 375
1865 375
1568 187
1397 375
932 562
1397 375
1245 187
1175 187
1175 187
1245 187
1397 187
932 375
1047 375
1175 1500
1397 375
932 562
1865 375
1568 187
1397 375
932 562
1397 187
1397 187
1245 187
1175 187
1175 187
1245 187
1397 187
932 375
1047 375
932 1500
1760 375
1175 562
1865 375
1760 187
1760 187
1568 187
1480 187
1760 187
1568 750
1568 375
1047 562
1760 187
1760 187
1568 187
1568 187
1397 187
1319 187
1568 187
1397 750
1397 375
932 562
1865 375
1568 187
1397 375
932 562
1397 375
1245 187
1175 187
1175 187
1245 187
1397 187
932 375
1047 562
1175 187
1245 187
1397 187
932 375
1047 562
1175 187
1245 187
1397 187
1865 375
2093 375
1865 1125
0 1500
1047 480
1397 480
1047 480
698 480
1047 480
1397 480
1047 960
1047 480
1397 480
1047 480
1397 480
1760 720
1568 240
1397 240
1319 240
1175 240
1109 240
1047 480
1397 480
1047 480
698 480
1047 480
1397 480
1047 960
1397 720
1175 240
1047 480
932 480
880 480
784 480
698 480
0 480
1245 480
1661 480
1245 480
831 480
1245 480
1661 480
1245 960
1245 480
1661 480
1245 480
1661 480
2093 720
1865 240
1661 240
1568 240
1397 240
1319 240
1245 480
1661 480
1245 480
831 480
1245 480
1661 480
1245 960
1661 720
1397 240
1245 480
1109 480
1047 480
0 480
932 480
0 480
831 720
1245 480
1661 480
0 480
622 150
698 150
740 150
831 150
932 300
740 300
880 300
698 300
831 300
740 300
622 150
698 150
740 150
831 150
932 300
1245 300
1175 1200
622 150
698 150
740 150
831 150
932 300
740 300
880 300
698 300
831 300
740 300
622 600
0 300
1109 300
0 75
1480 300
0 37
1109 75
0 37
1245 150
0 37
988 150
0 37
831 300
0 75
1109 300
0 37
932 75
0 37
740 150
0 37
932 150
0 37
831 300
0 300
831 37
0 37
932 37
0 37
988 37
0 37
1047 37
0 37
1109 300
0 75
1480 300
0 37
1109 75
0 37
1245 150
0 37
988 150
0 37
831 300
0 75
1109 300
0 37
932 75
0 37
988 150
0 37
698 150
0 37
740 300
0 37
1109 120
1047 180
988 120
932 360
1397 360
1661 480
1865 120
1568 180
1245 480
0 240
1109 120
1047 180
988 120
932 360
1397 360
1661 180
1865 360
1568 480
0 240
1109 120
1047 180
988 120
932 360
1397 360
1661 480
1397 120
1568 180
1245 360
1397 120
1568 180
1245 360
1397 120
1568 240
1245 360
1397 120
1568 240
1245 120
1047 240
932 120
1245 360
1245 360
1245 480
1245 360
0 120
698 400
740 400
784 400
831 267
932 133
698 267
831 400
932 400
698 133
831 267
932 133
831 267
1109 802
932 267
1109 133
880 267
932 400
1109 400
880 133
932 267
1109 133
1245 267
1319 535
1109 400
1397 400
1397 400
1397 400
1397 400
1397 267
1319 133
1245 267
1175 535
932 400
1319 267
1397 133
1319 267
1397 133
1109 267
1245 400
1109 267
0 267
1175 78
1245 78
1175 78
1245 78
1175 78
1245 78
1175 78
1245 78
1175 78
1175 78
1245 78
1319 78
1397 78
1480 78
1568 78
1568 157
0 315
1568 157
0 315
1865 157
0 157
2093 157
0 157
1568 157
0 315
1568 157
0 315
1397 157
0 157
1480 157
0 157
1568 157
0 315
1568 157
0 315
1865 157
0 157
2093 157
0 157
1568 157
0 315
1568 157
0 315
1397 157
0 157
1480 157
0 157
1865 157
1568 157
1175 1262
0 78
1865 157
1568 157
1109 1262
0 78
1865 157
1568 157
1047 1262
932 157
1047 315
0 1262
0 78
932 157
784 157
1480 1262
0 78
932 157
784 157
1397 1262
0 78
932 157
784 157
1319 1262
1245 157
1175 315
0 157
